629.000000	1	10	1.200000	1	30	1463975828
629.000000	1	10	1.200000	1	60	1463975859
629.000000	1	10	1.200000	1	30	1463975889
629.000000	1	10	1.200000	1	60	1463975911
629.000000	1	10	1.200000	1	120	1463975904
953.000000	1	10	1.300000	1	30	1463975969
629.000000	1	10	1.200000	1	120	1463975968
953.000000	1	10	1.300000	1	30	1463976028
953.000000	1	10	1.300000	1	60	1463975999
953.000000	1	10	1.300000	1	120	1463976059
953.000000	1	10	1.300000	1	60	1463976058
1269.000000	1	10	1.400000	1	30	1463976107
1269.000000	1	10	1.400000	1	60	1463976137
953.000000	1	10	1.300000	1	120	1463976118
1269.000000	1	10	1.400000	1	30	1463976188
1269.000000	1	10	1.400000	1	120	1463976182
1269.000000	1	10	1.400000	1	60	1463976218
1589.000000	1	10	1.500000	1	30	1463976251
1269.000000	1	10	1.400000	1	120	1463976278
1589.000000	1	10	1.500000	1	60	1463976281
1589.000000	1	10	1.500000	1	30	1463976326
1589.000000	1	10	1.500000	1	120	1463976332
1589.000000	1	10	1.500000	1	60	1463976356
1904.000000	1	10	1.600000	1	30	1463976376
1589.000000	1	10	1.500000	1	120	1463976402
1904.000000	1	10	1.600000	1	60	1463976406
1904.000000	1	10	1.600000	1	30	1463976447
1904.000000	1	10	1.600000	1	120	1463976449
1904.000000	1	10	1.600000	1	60	1463976477
2220.000000	1	10	1.700000	1	30	1463976493
1904.000000	1	10	1.600000	1	120	1463976520
2220.000000	1	10	1.700000	1	60	1463976523
2220.000000	1	10	1.700000	1	30	1463976562
2220.000000	1	10	1.700000	1	120	1463976566
2220.000000	1	10	1.700000	1	60	1463976592
2822.000000	1	10	1.800000	1	30	1463976608
2220.000000	1	10	1.700000	1	120	1463976635
2822.000000	1	10	1.800000	1	60	1463976638
2822.000000	1	10	1.800000	1	30	1463976677
2822.000000	1	10	1.800000	1	120	1463976686
2542.000000	1	10	1.800000	1	60	1463976707
3325.000000	1	10	1.900000	1	30	1463976730
2542.000000	1	10	1.800000	1	120	1463976752
3325.000000	1	10	1.900000	1	60	1463976760
3325.000000	1	10	1.900000	1	30	1463976798
3325.000000	1	10	1.900000	1	120	1463976803
2851.000000	1	10	1.900000	1	60	1463976828
3186.000000	1	10	2.000000	1	30	1463976846
3325.000000	1	10	1.900000	1	120	1463976871
3861.000000	1	10	2.000000	1	60	1463976876
3874.000000	1	10	2.000000	1	30	1463976914
3874.000000	1	10	2.000000	1	120	1463976915
3488.000000	1	10	2.100000	1	30	1463976964
3986.000000	1	10	2.000000	1	60	1463976945
3488.000000	1	10	2.100000	1	60	1463976994
3874.000000	1	10	2.000000	1	120	1463977005
4680.000000	1	10	2.100000	1	30	1463977048
4360.000000	1	10	2.100000	1	60	1463977078
4679.000000	1	10	2.100000	1	120	1463977036
5479.000000	1	10	2.200000	1	30	1463977136
4680.000000	1	10	2.100000	1	120	1463977124
4875.000000	1	10	2.200000	1	60	1463977166
4875.000000	1	10	2.200000	1	30	1463977189
5479.000000	1	10	2.200000	1	120	1463977210
5488.000000	1	10	2.200000	1	60	1463977219
5385.000000	1	10	2.300000	1	30	1463977268
3808.000000	1	10	2.200000	1	120	1463977272
6320.000000	1	10	2.300000	1	30	1463977313
6591.000000	1	10	2.300000	1	60	1463977298
6322.000000	1	10	2.300000	1	60	1463977343
6252.000000	1	10	2.300000	1	120	1463977358
5902.000000	1	10	2.400000	1	30	1463977416
4444.000000	1	10	2.400000	1	60	1463977446
6609.000000	1	10	2.300000	1	120	1463977403
7076.000000	1	10	2.400000	1	120	1463977490
7267.000000	1	10	2.400000	1	30	1463977518
7866.000000	1	10	2.500000	1	30	1463977538
7614.000000	1	10	2.400000	1	60	1463977548
8220.000000	1	10	2.500000	1	60	1463977568
7258.000000	1	10	2.400000	1	120	1463977608
8589.000000	1	10	2.500000	1	120	1463977628
8175.000000	1	10	2.500000	1	30	1463977678
3021.000000	1	20	1.200000	1	30	1463977698
8671.000000	1	10	2.500000	1	60	1463977708
2991.000000	1	20	1.200000	1	60	1463977728
8223.000000	1	10	2.500000	1	120	1463977769
3000.000000	1	20	1.200000	1	30	1463977840
2948.000000	1	20	1.200000	1	120	1463977788
3724.000000	1	20	1.300000	1	30	1463977877
3043.000000	1	20	1.200000	1	60	1463977870
3736.000000	1	20	1.300000	1	60	1463977907
2908.000000	1	20	1.200000	1	120	1463977930
3725.000000	1	20	1.300000	1	120	1463977967
3637.000000	1	20	1.300000	1	30	1463978026
4496.000000	1	20	1.400000	1	30	1463978039
3706.000000	1	20	1.300000	1	60	1463978056
4496.000000	1	20	1.400000	1	60	1463978069
3754.000000	1	20	1.300000	1	120	1463978116
4497.000000	1	20	1.400000	1	30	1463978186
4650.000000	1	20	1.400000	1	120	1463978129
4538.000000	1	20	1.400000	1	60	1463978216
5417.000000	1	20	1.500000	1	30	1463978248
5435.000000	1	20	1.500000	1	60	1463978278
4525.000000	1	20	1.400000	1	120	1463978276
5443.000000	1	20	1.500000	1	30	1463978343
5412.000000	1	20	1.500000	1	120	1463978332
6381.000000	1	20	1.600000	1	30	1463978386
5388.000000	1	20	1.500000	1	60	1463978373
6145.000000	1	20	1.600000	1	60	1463978416
5414.000000	1	20	1.500000	1	120	1463978433
6412.000000	1	20	1.600000	1	30	1463978503
6347.000000	1	20	1.600000	1	120	1463978476
7214.000000	1	20	1.700000	1	30	1463978537
6346.000000	1	20	1.600000	1	60	1463978533
7128.000000	1	20	1.700000	1	60	1463978567
6318.000000	1	20	1.600000	1	120	1463978593
7153.000000	1	20	1.700000	1	30	1463978645
7145.000000	1	20	1.700000	1	120	1463978626
8054.000000	1	20	1.800000	1	30	1463978700
7213.000000	1	20	1.700000	1	60	1463978675
7271.000000	1	20	1.700000	1	120	1463978735
8167.000000	1	20	1.800000	1	60	1463978730
7792.000000	1	20	1.800000	1	30	1463978785
7734.000000	1	20	1.800000	1	120	1463978790
8993.000000	1	20	1.900000	1	30	1463978842
8178.000000	1	20	1.800000	1	60	1463978815
8809.000000	1	20	1.900000	1	60	1463978873
8113.000000	1	20	1.800000	1	120	1463978873
8687.000000	1	20	1.900000	1	120	1463978933
8799.000000	1	20	1.900000	1	30	1463978966
9872.000000	1	20	2.000000	1	30	1463978984
8710.000000	1	20	1.900000	1	60	1463978996
9803.000000	1	20	2.000000	1	60	1463979014
8932.000000	1	20	1.900000	1	120	1463979056
9990.000000	1	20	2.000000	1	30	1463979110
9805.000000	1	20	2.000000	1	120	1463979074
10689.000000	1	20	2.100000	1	30	1463979158
9889.000000	1	20	2.000000	1	60	1463979140
10750.000000	1	20	2.100000	1	60	1463979188
9742.000000	1	20	2.000000	1	120	1463979200
10616.000000	1	20	2.100000	1	30	1463979266
10850.000000	1	20	2.100000	1	120	1463979248
11889.000000	1	20	2.200000	1	30	1463979319
10684.000000	1	20	2.100000	1	60	1463979297
11575.000000	1	20	2.200000	1	60	1463979349
10650.000000	1	20	2.100000	1	120	1463979357
11668.000000	1	20	2.200000	1	30	1463979423
11885.000000	1	20	2.200000	1	60	1463979453
11743.000000	1	20	2.200000	1	120	1463979401
12531.000000	1	20	2.300000	1	30	1463979519
11799.000000	1	20	2.200000	1	120	1463979514
12587.000000	1	20	2.300000	1	60	1463979549
12636.000000	1	20	2.300000	1	30	1463979597
12870.000000	1	20	2.300000	1	120	1463979609
12665.000000	1	20	2.300000	1	60	1463979627
13733.000000	1	20	2.400000	1	30	1463979680
13642.000000	1	20	2.400000	1	60	1463979710
12837.000000	1	20	2.300000	1	120	1463979687
13502.000000	1	20	2.400000	1	30	1463979779
13239.000000	1	20	2.400000	1	120	1463979770
14751.000000	1	20	2.500000	1	30	1463979817
13660.000000	1	20	2.400000	1	60	1463979809
14598.000000	1	20	2.500000	1	60	1463979847
13367.000000	1	20	2.400000	1	120	1463979869
13871.000000	1	20	2.500000	1	30	1463979923
14693.000000	1	20	2.500000	1	120	1463979907
1950.000000	1	50	1.200000	1	30	1463979975
14498.000000	1	20	2.500000	1	60	1463979953
1976.000000	1	50	1.200000	1	60	1463980005
14324.000000	1	20	2.500000	1	120	1463980007
2023.000000	1	50	1.200000	1	30	1463980071
1840.000000	1	50	1.200000	1	120	1463980065
2010.000000	1	50	1.200000	1	60	1463980101
2534.000000	1	50	1.300000	1	30	1463980158
2065.000000	1	50	1.200000	1	120	1463980161
2629.000000	1	50	1.300000	1	30	1463980216
2620.000000	1	50	1.300000	1	60	1463980189
2528.000000	1	50	1.300000	1	60	1463980246
2603.000000	1	50	1.300000	1	120	1463980248
2535.000000	1	50	1.300000	1	120	1463980298
3275.000000	1	50	1.400000	1	30	1463980324
3238.000000	1	50	1.400000	1	30	1463980352
3146.000000	1	50	1.400000	1	60	1463980354
3296.000000	1	50	1.400000	1	60	1463980382
3217.000000	1	50	1.400000	1	120	1463980411
3343.000000	1	50	1.400000	1	120	1463980442
3829.000000	1	50	1.500000	1	30	1463980491
4025.000000	1	50	1.500000	1	30	1463980516
4046.000000	1	50	1.500000	1	60	1463980521
4182.000000	1	50	1.500000	1	60	1463980546
3989.000000	1	50	1.500000	1	120	1463980581
4578.000000	1	50	1.600000	1	30	1463980629
4159.000000	1	50	1.500000	1	120	1463980606
4838.000000	1	50	1.600000	1	30	1463980660
4808.000000	1	50	1.600000	1	60	1463980659
4744.000000	1	50	1.600000	1	60	1463980690
4893.000000	1	50	1.600000	1	120	1463980719
4704.000000	1	50	1.600000	1	120	1463980750
5734.000000	1	50	1.700000	1	30	1463980796
5778.000000	1	50	1.700000	1	30	1463980808
5686.000000	1	50	1.700000	1	60	1463980826
5640.000000	1	50	1.700000	1	60	1463980838
5791.000000	1	50	1.700000	1	120	1463980880
5663.000000	1	50	1.700000	1	120	1463980898
6631.000000	1	50	1.800000	1	30	1463980930
6620.000000	1	50	1.800000	1	30	1463980948
6703.000000	1	50	1.800000	1	60	1463980960
6778.000000	1	50	1.800000	1	60	1463980978
6668.000000	1	50	1.800000	1	120	1463981008
7522.000000	1	50	1.900000	1	30	1463981059
6662.000000	1	50	1.800000	1	120	1463981038
7479.000000	1	50	1.900000	1	60	1463981089
7665.000000	1	50	1.900000	1	30	1463981134
7326.000000	1	50	1.900000	1	120	1463981149
7240.000000	1	50	1.900000	1	60	1463981164
8429.000000	1	50	2.000000	1	30	1463981197
7632.000000	1	50	1.900000	1	120	1463981224
8469.000000	1	50	2.000000	1	60	1463981227
8444.000000	1	50	2.000000	1	30	1463981278
8723.000000	1	50	2.000000	1	120	1463981287
8567.000000	1	50	2.000000	1	60	1463981308
9208.000000	1	50	2.100000	1	30	1463981341
8277.000000	1	50	2.000000	1	120	1463981368
9286.000000	1	50	2.100000	1	60	1463981371
9643.000000	1	50	2.100000	1	30	1463981411
9580.000000	1	50	2.100000	1	120	1463981417
9176.000000	1	50	2.100000	1	60	1463981441
10345.000000	1	50	2.200000	1	30	1463981470
9547.000000	1	50	2.100000	1	120	1463981476
10680.000000	1	50	2.200000	1	60	1463981500
10480.000000	1	50	2.200000	1	30	1463981522
10257.000000	1	50	2.200000	1	120	1463981542
10301.000000	1	50	2.200000	1	60	1463981552
11447.000000	1	50	2.300000	1	30	1463981595
10456.000000	1	50	2.200000	1	120	1463981606
11443.000000	1	50	2.300000	1	60	1463981625
11206.000000	1	50	2.300000	1	30	1463981650
10997.000000	1	50	2.300000	1	60	1463981680
11300.000000	1	50	2.300000	1	120	1463981671
12220.000000	1	50	2.400000	1	30	1463981722
11341.000000	1	50	2.300000	1	120	1463981716
12221.000000	1	50	2.400000	1	30	1463981755
12530.000000	1	50	2.400000	1	60	1463981752
12201.000000	1	50	2.400000	1	60	1463981785
12489.000000	1	50	2.400000	1	120	1463981812
12567.000000	1	50	2.400000	1	120	1463981827
13472.000000	1	50	2.500000	1	30	1463981857
13266.000000	1	50	2.500000	1	30	1463981873
13334.000000	1	50	2.500000	1	60	1463981887
13513.000000	1	50	2.500000	1	60	1463981902
13616.000000	1	50	2.500000	1	120	1463981925
13632.000000	1	50	2.500000	1	120	1463981946
1375.000000	1	100	1.200000	1	30	1463981969
1404.000000	1	100	1.200000	1	30	1463981984
1354.000000	1	100	1.200000	1	60	1463981999
1359.000000	1	100	1.200000	1	60	1463982014
1382.000000	1	100	1.200000	1	120	1463982049
1396.000000	1	100	1.200000	1	120	1463982060
1800.000000	1	100	1.300000	1	30	1463982089
1832.000000	1	100	1.300000	1	30	1463982102
1849.000000	1	100	1.300000	1	60	1463982119
1781.000000	1	100	1.300000	1	60	1463982132
1828.000000	1	100	1.300000	1	120	1463982164
1852.000000	1	100	1.300000	1	120	1463982172
2301.000000	1	100	1.400000	1	30	1463982206
2302.000000	1	100	1.400000	1	30	1463982216
2309.000000	1	100	1.400000	1	60	1463982236
2310.000000	1	100	1.400000	1	60	1463982246
2262.000000	1	100	1.400000	1	120	1463982285
2301.000000	1	100	1.400000	1	120	1463982279
2668.000000	1	100	1.500000	1	30	1463982325
2746.000000	1	100	1.500000	1	30	1463982334
2852.000000	1	100	1.500000	1	60	1463982355
2814.000000	1	100	1.500000	1	60	1463982364
2736.000000	1	100	1.500000	1	120	1463982403
3329.000000	1	100	1.600000	1	30	1463982441
2802.000000	1	100	1.500000	1	120	1463982421
3251.000000	1	100	1.600000	1	30	1463982473
3333.000000	1	100	1.600000	1	60	1463982471
3247.000000	1	100	1.600000	1	60	1463982503
3335.000000	1	100	1.600000	1	120	1463982519
3258.000000	1	100	1.600000	1	120	1463982540
3876.000000	1	100	1.700000	1	30	1463982573
3894.000000	1	100	1.700000	1	30	1463982579
3938.000000	1	100	1.700000	1	60	1463982609
3917.000000	1	100	1.700000	1	60	1463982603
3848.000000	1	100	1.700000	1	120	1463982644
3894.000000	1	100	1.700000	1	120	1463982645
4337.000000	1	100	1.800000	1	30	1463982680
4530.000000	1	100	1.800000	1	30	1463982692
4487.000000	1	100	1.800000	1	60	1463982710
4456.000000	1	100	1.800000	1	60	1463982722
4512.000000	1	100	1.800000	1	120	1463982759
4512.000000	1	100	1.800000	1	120	1463982759
5106.000000	1	100	1.900000	1	30	1463982796
5106.000000	1	100	1.900000	1	30	1463982796
5132.000000	1	100	1.900000	1	60	1463982826
5132.000000	1	100	1.900000	1	60	1463982826
5354.000000	1	100	1.900000	1	120	1463982863
5354.000000	1	100	1.900000	1	120	1463982863
5986.000000	1	100	2.000000	1	30	1463982913
5986.000000	1	100	2.000000	1	30	1463982913
6024.000000	1	100	2.000000	1	60	1463982943
6024.000000	1	100	2.000000	1	60	1463982943
6021.000000	1	100	2.000000	1	120	1463982996
5971.000000	1	100	2.000000	1	120	1463982997
6532.000000	1	100	2.100000	1	30	1463983032
6439.000000	1	100	2.100000	1	30	1463983033
6582.000000	1	100	2.100000	1	60	1463983062
6637.000000	1	100	2.100000	1	60	1463983063
6459.000000	1	100	2.100000	1	120	1463983096
6442.000000	1	100	2.100000	1	120	1463983107
7103.000000	1	100	2.200000	1	30	1463983131
7281.000000	1	100	2.200000	1	30	1463983152
7276.000000	1	100	2.200000	1	60	1463983162
7306.000000	1	100	2.200000	1	60	1463983182
7125.000000	1	100	2.200000	1	120	1463983201
7322.000000	1	100	2.200000	1	120	1463983220
7992.000000	1	100	2.300000	1	30	1463983236
8056.000000	1	100	2.300000	1	30	1463983256
7773.000000	1	100	2.300000	1	60	1463983266
8013.000000	1	100	2.300000	1	60	1463983286
7750.000000	1	100	2.300000	1	120	1463983303
8025.000000	1	100	2.300000	1	120	1463983321
8673.000000	1	100	2.400000	1	30	1463983336
8626.000000	1	100	2.400000	1	30	1463983364
8630.000000	1	100	2.400000	1	60	1463983367
8630.000000	1	100	2.400000	1	60	1463983394
8626.000000	1	100	2.400000	1	120	1463983400
9407.000000	1	100	2.500000	1	30	1463983434
8687.000000	1	100	2.400000	1	120	1463983432
9443.000000	1	100	2.500000	1	30	1463983465
9443.000000	1	100	2.500000	1	60	1463983465
9515.000000	1	100	2.500000	1	60	1463983495
9580.000000	1	100	2.500000	1	120	1463983501
9171.000000	1	100	2.500000	1	120	1463983526
1344.000000	1	200	1.200000	1	30	1463983546
1337.000000	1	200	1.200000	1	30	1463983562
1301.000000	1	200	1.200000	1	60	1463983576
1382.000000	1	200	1.200000	1	60	1463983592
1374.000000	1	200	1.200000	1	120	1463983623
1356.000000	1	200	1.200000	1	120	1463983639
1732.000000	1	200	1.300000	1	30	1463983663
1766.000000	1	200	1.300000	1	30	1463983677
1744.000000	1	200	1.300000	1	60	1463983693
1764.000000	1	200	1.300000	1	60	1463983707
1756.000000	1	200	1.300000	1	120	1463983734
1732.000000	1	200	1.300000	1	120	1463983749
2217.000000	1	200	1.400000	1	30	1463983772
2183.000000	1	200	1.400000	1	30	1463983789
2191.000000	1	200	1.400000	1	60	1463983802
2171.000000	1	200	1.400000	1	60	1463983819
2180.000000	1	200	1.400000	1	120	1463983840
2161.000000	1	200	1.400000	1	120	1463983855
2681.000000	1	200	1.500000	1	30	1463983877
2680.000000	1	200	1.500000	1	30	1463983891
2709.000000	1	200	1.500000	1	60	1463983907
2648.000000	1	200	1.500000	1	60	1463983921
2613.000000	1	200	1.500000	1	120	1463983942
2685.000000	1	200	1.500000	1	120	1463983958
3202.000000	1	200	1.600000	1	30	1463983980
3164.000000	1	200	1.600000	1	30	1463983994
3164.000000	1	200	1.600000	1	60	1463984010
3190.000000	1	200	1.600000	1	60	1463984024
3257.000000	1	200	1.600000	1	120	1463984045
3167.000000	1	200	1.600000	1	120	1463984059
3749.000000	1	200	1.700000	1	30	1463984084
3788.000000	1	200	1.700000	1	30	1463984100
3759.000000	1	200	1.700000	1	60	1463984114
3677.000000	1	200	1.700000	1	60	1463984130
3772.000000	1	200	1.700000	1	120	1463984150
3830.000000	1	200	1.700000	1	120	1463984163
4386.000000	1	200	1.800000	1	30	1463984188
4348.000000	1	200	1.800000	1	30	1463984205
4379.000000	1	200	1.800000	1	60	1463984218
4339.000000	1	200	1.800000	1	60	1463984235
4306.000000	1	200	1.800000	1	120	1463984253
4353.000000	1	200	1.800000	1	120	1463984266
4971.000000	1	200	1.900000	1	30	1463984287
4953.000000	1	200	1.900000	1	30	1463984300
4882.000000	1	200	1.900000	1	60	1463984317
4968.000000	1	200	1.900000	1	60	1463984330
4974.000000	1	200	1.900000	1	120	1463984348
5015.000000	1	200	1.900000	1	120	1463984363
5524.000000	1	200	2.000000	1	30	1463984382
5490.000000	1	200	2.000000	1	30	1463984402
5545.000000	1	200	2.000000	1	60	1463984412
5666.000000	1	200	2.000000	1	60	1463984432
5732.000000	1	200	2.000000	1	120	1463984447
5705.000000	1	200	2.000000	1	120	1463984466
6321.000000	1	200	2.100000	1	30	1463984479
6278.000000	1	200	2.100000	1	30	1463984507
6316.000000	1	200	2.100000	1	60	1463984509
6336.000000	1	200	2.100000	1	60	1463984536
6411.000000	1	200	2.100000	1	120	1463984542
6847.000000	1	200	2.200000	1	30	1463984574
6194.000000	1	200	2.100000	1	120	1463984573
7028.000000	1	200	2.200000	1	60	1463984605
7028.000000	1	200	2.200000	1	30	1463984605
6912.000000	1	200	2.200000	1	60	1463984635
7029.000000	1	200	2.200000	1	120	1463984634
6917.000000	1	200	2.200000	1	120	1463984663
7704.000000	1	200	2.300000	1	30	1463984665
7633.000000	1	200	2.300000	1	30	1463984693
7379.000000	1	200	2.300000	1	60	1463984695
7624.000000	1	200	2.300000	1	60	1463984723
7749.000000	1	200	2.300000	1	120	1463984733
7621.000000	1	200	2.300000	1	120	1463984754
8206.000000	1	200	2.400000	1	30	1463984760
8061.000000	1	200	2.400000	1	30	1463984788
8216.000000	1	200	2.400000	1	60	1463984791
8312.000000	1	200	2.400000	1	120	1463984823
8422.000000	1	200	2.400000	1	60	1463984818
9075.000000	1	200	2.500000	1	30	1463984859
8338.000000	1	200	2.400000	1	120	1463984870
8840.000000	1	200	2.500000	1	60	1463984889
9015.000000	1	200	2.500000	1	30	1463984896
9183.000000	1	200	2.500000	1	120	1463984916
8663.000000	1	200	2.500000	1	60	1463984926
9093.000000	1	200	2.500000	1	120	1463984953
