Instances/S3-15/S3-10-15-1-s.txt 	 5 	 1.0000000 	 0.9000000 	 2 	 11486.0169316 	 0.9690456 	 1 	 1465492302 
Instances/S3-15/S3-10-15-1-s.txt 	 5 	 1.0000000 	 0.9000000 	 2 	 16194.3805776 	 0.9602990 	 1 	 1465492312 
Instances/S3-15/S3-10-15-1-s.txt 	 5 	 1.0000000 	 0.9000000 	 1 	 16324.5121270 	 0.0004670 	 1 	 1465492320 
Instances/S3-15/S3-10-15-1-s.txt 	 5 	 1.0000000 	 0.9000000 	 1 	 16079.1745246 	 0.0004746 	 1 	 1465492325 
Instances/S3-15/S3-10-15-1-s.txt 	 5 	 1.0000000 	 0.9000000 	 4 	 15844.5400544 	 0.8987813 	 1 	 1465492349 
Instances/L-15/L-10-15-1-l.txt 	 5 	 1.0000000 	 0.9000000 	 6 	 582249.0973670 	 0.9562559 	 1 	 1465492375 
Instances/L-15/L-10-15-1-l.txt 	 5 	 1.0000000 	 0.9000000 	 3 	 575061.5460391 	 0.7806167 	 1 	 1465492798 
Instances/L-15/L-10-15-1-l.txt 	 5 	 0.8000000 	 0.1000000 	 3 	 560151.5500357 	 0.7818726 	 1 	 1465492898 
Instances/L-15/L-10-15-1-l.txt 	 5 	 0.8000000 	 0.1000000 	 7 	 587248.5223563 	 0.9864567 	 1 	 1465493049 
Instances/S3-15/S3-10-15-1-s.txt 	 10 	 1.0000000 	 0.1000000 	 8 	 18231.8292747 	 0.9813139 	 1 	 1465496190 
Instances/S3-15/S3-10-15-1-s.txt 	 100 	 1.0000000 	 0.1000000 	 7 	 18686.2076799 	 0.9450490 	 1 	 1465496205 
Instances/S3-15/S3-10-15-1-s.txt 	 100 	 1.0000000 	 1.0000000 	 7 	 18621.5884256 	 0.9354750 	 1 	 1465496224 
Instances/S3-15/S3-10-15-1-s.txt 	 1000 	 1.0000000 	 1.0000000 	 12 	 18592.1508110 	 0.9461391 	 1 	 1465496238 
Instances/S3-5/S3-5-5-1-s.txt 	 1000 	 1.0000000 	 0.0500000 	 880 	 5691.9843670 	 nan 	 1 	 1465496285 
Instances/S3-5/S3-5-5-1-s.txt 	 1000 	 1.0000000 	 0.0500000 	 2 	 5693.8110904 	 0.9165392 	 1 	 1465496559 
Instances/S3-5/S3-5-5-1-s.txt 	 1000 	 1.0000000 	 0.0500000 	 24 	 6476.7467887 	 0.9851681 	 1 	 1465497031 
Instances/L-15/L-10-15-1-l.txt 	 5 	 1.0000000 	 0.0500000 	 2 	 511766.6841256 	 0.9976881 	 1 	 1465497171 
Instances/L-15/L-10-15-1-l.txt 	 5 	 1.0000000 	 0.0500000 	 7 	 587765.3105971 	 0.9866208 	 1 	 1465497324 
Instances/L-15/L-10-15-1-l.txt 	 5 	 1.0000000 	 0.0500000 	 7 	 585036.8287319 	 0.9820884 	 1 	 1465497377 
Instances/S3-5/S3-5-5-1-s.txt 	 5 	 1.0000000 	 0.0500000 	 2 	 4022.3522025 	 0.8874586 	 1 	 1465497472 
Instances/S3-5/S3-5-5-1-s.txt 	 5 	 1.0000000 	 1.0000000 	 2 	 5653.8125671 	 0.9307963 	 1 	 1465497484 
Instances/S3-5/S3-5-5-1-s.txt 	 5 	 1.0000000 	 0.5000000 	 1 	 4963.2171776 	 0.0001909 	 1 	 1465497498 
Instances/S3-5/S3-5-5-1-s.txt 	 100 	 1.0000000 	 0.5000000 	 4 	 5740.6129043 	 0.9688417 	 1 	 1465497508 
Instances/S3-15/S3-10-15-1-s.txt 	 100 	 1.0000000 	 0.5000000 	 8 	 18666.3409094 	 0.9652514 	 1 	 1465497527 
Instances/S3-15/S3-10-15-1-s.txt 	 100 	 1.0000000 	 0.5000000 	 9 	 18511.9392310 	 0.9720866 	 1 	 1465497534 
Instances/S3-15/S3-10-15-1-s.txt 	 100 	 1.0000000 	 0.5000000 	 3 	 19293.3392458 	 0.9079800 	 1 	 1465498213 
Instances/S3-15/S3-10-15-1-s.txt 	 100 	 1.0000000 	 0.5000000 	 10 	 18978.1825672 	 0.9359103 	 1 	 1465498237 
Instances/S3-15/S3-10-15-1-s.txt 	 100 	 1.0000000 	 0.5000000 	 4 	 19062.0546073 	 0.9373618 	 1 	 1  	 1465498281 
Instances/S3-15/S3-10-15-1-s.txt 	 100 	 1.0000000 	 0.5000000 	 9 	 19303.7723556 	 0.9236554 	 1 	 10  	 1465498290 
Instances/L-15/L-10-15-1-l.txt 	 5 	 1.0000000 	 0.5000000 	 4 	 572102.0237530 	 0.8365219 	 1 	 10  	 1465498355 
Instances/L-15/L-10-15-1-l.txt 	 5 	 1.0000000 	 0.5000000 	 7 	 585254.6632668 	 0.8875241 	 1 	 10  	 1465498534 
Instances/S3-5/S3-5-5-1-s.txt 	 5 	 1.0000000 	 0.5000000 	 2 	 3809.3918342 	 0.9644721 	 1 	 100  	 1465498978 
Instances/S3-5/S3-5-5-1-s.txt 	 5 	 1.0000000 	 1.0000000 	 2 	 5722.9271393 	 0.9503419 	 1 	 100  	 1465498992 
Instances/S3-15/S3-10-15-1-s.txt 	 5 	 1.0000000 	 1.0000000 	 3 	 15685.0029624 	 0.8849644 	 1 	 1  	 1465499027 
Instances/S3-15/S3-10-15-1-s.txt 	 5 	 1.0000000 	 1.0000000 	 12 	 14175.8342691 	 0.9339687 	 1 	 100  	 1465499046 
Instances/S3-15/S3-10-15-1-s.txt 	 5 	 1.0000000 	 0.0500000 	 6 	 17945.1206957 	 0.9778882 	 1 	 100  	 1465499209 
Instances/S3-15/S3-10-15-1-s.txt 	 5 	 1.0000000 	 0.0500000 	 4 	 18719.8725069 	 0.9936002 	 1 	 100  	 1465499227 
Instances/S3-15/S3-10-15-1-s.txt 	 5 	 0.8000000 	 0.1000000 	 7 	 18501.0130755 	 0.9656441 	 1 	 10  	 1465568669 
Instances/S3-15/S3-10-15-1-s.txt 	 5 	 0.8000000 	 0.1000000 	 6 	 18563.7230484 	 0.9401947 	 1 	 10  	 1465571576 
Instances/S3-15/S3-10-15-1-s.txt 	 5 	 0.8000000 	 0.1000000 	 6 	 18375.2057070 	 0.9496634 	 1 	 10  	 1465578812 
Instances/S3-15/S3-10-15-1-s.txt 	 5 	 0.8000000 	 0.1000000 	 8 	 19465.4528609 	 0.9561254 	 1 	 10  	 1465579044 
Instances/S3-15/S3-10-15-1-s.txt 	 5 	 0.8000000 	 0.1000000 	 5 	 17925.5202192 	 0.9583573 	 1 	 10  	 1465582839 
Instances/S3-15/S3-10-15-1-s.txt 	 5 	 0.8000000 	 0.1000000 	 4 	 18456.8979923 	 0.9531082 	 1 	 10  	 1465583033 
Instances/S3-15/S3-10-15-1-s.txt 	 100 	 0.8000000 	 0.1000000 	 10 	 18846.8075014 	 0.9887908 	 1 	 10  	 1465583420 
Instances/S3-15/S3-10-15-1-s.txt 	 1 	 0.8000000 	 0.1000000 	 9 	 18549.6500757 	 0.9634041 	 1 	 10  	 1465583420 
Instances/S3-15/S3-10-15-1-s.txt 	 1 	 0.0010000 	 0.1000000 	 5 	 18780.1849726 	 0.9611987 	 1 	 10  	 1465583420 
Instances/S3-15/S3-10-15-1-s.txt 	 1 	 0.8000000 	 0.1000000 	 5 	 19107.7557482 	 0.9588705 	 1 	 10  	 1465583420 
Instances/S3-15/S3-10-15-1-s.txt 	 1 	 0.8000000 	 0.1000000 	 27 	 18971.6727575 	 0.9813966 	 1 	 10  	 1465583420 
Instances/S3-15/S3-10-15-1-s.txt 	 1 	 0.8000000 	 0.1000000 	 42 	 19031.2397349 	 0.9785841 	 1 	 10  	 1465583420 
Instances/S3-15/S3-10-15-1-s.txt 	 1 	 0.8000000 	 0.1000000 	 50 	 18418.3907427 	 0.9769126 	 1 	 10  	 1465583420 
Instances/S3-15/S3-10-15-1-s.txt 	 1 	 0.8000000 	 0.1000000 	 2 	 16355.8785423 	 0.9987218 	 1 	 10  	 1465583420 
Instances/S3-15/S3-10-15-1-s.txt 	 1 	 0.8000000 	 0.1000000 	 2 	 16355.8785423 	 0.9987218 	 1 	 10  	 1465583420 
Instances/S3-15/S3-10-15-1-s.txt 	 1 	 0.8000000 	 0.0010000 	 54 	 19165.1426034 	 0.9775222 	 1 	 10  	 1465583420 
Instances/S3-15/S3-10-15-1-s.txt 	 1 	 0.8000000 	 0.0010000 	 55 	 19730.5786509 	 0.9688636 	 1 	 10  	 1465583420 
Instances/S3-15/S3-10-15-1-s.txt 	 1 	 0.8000000 	 0.0010000 	 28 	 19562.9441186 	 0.9859171 	 1 	 10  	 1465583420 
Instances/S3-15/S3-10-15-1-s.txt 	 1 	 0.8000000 	 0.0010000 	 42 	 15308.9673642 	 0.9782755 	 1 	 10  	 1 
Instances/S3-15/S3-10-15-1-s.txt 	 1 	 0.8000000 	 0.0010000 	 42 	 15308.9673642 	 0.9782755 	 1 	 10  	 1 
Instances/S3-15/S3-10-15-1-s.txt 	 1 	 0.8000000 	 0.0010000 	 42 	 15308.9673642 	 0.9782755 	 1 	 10  	 1 
Instances/S3-15/S3-10-15-1-s.txt 	 1 	 0.8000000 	 0.0010000 	 42 	 15308.9673642 	 0.9782755 	 1 	 10  	 1 
Instances/S3-15/S3-10-15-1-s.txt 	 1 	 0.8000000 	 0.0010000 	 36 	 19183.6825050 	 0.9866241 	 1 	 10  	 10 
Instances/S3-15/S3-10-15-1-s.txt 	 1 	 0.8000000 	 0.0010000 	 8 	 18783.0153530 	 0.9927740 	 1 	 10  	 10 
Instances/S3-15/S3-10-15-1-s.txt 	 1 	 0.8000000 	 0.0010000 	 33 	 18226.4175384 	 0.9810811 	 1 	 10  	 10 
Instances/S3-15/S3-10-15-1-s.txt 	 1 	 0.8000000 	 0.0010000 	 34 	 15689521.0000000 	 0.9790029 	 1 	 10  	 10 
Instances/S3-15/S3-10-15-1-s.txt 	 1 	 0.8000000 	 0.0010000 	 17 	 13719616.0000000 	 0.9851144 	 1 	 10  	 1 
Instances/S3-15/S3-10-15-1-s.txt 	 1 	 0.8000000 	 0.0010000 	 3 	 10523536.0000000 	 0.9470321 	 1 	 10  	 1 
Instances/S3-15/S3-10-15-1-s.txt 	 1 	 0.8000000 	 0.0010000 	 3 	 10523536.0000000 	 0.9470321 	 1 	 10  	 1 
Instances/S3-15/S3-10-15-1-s.txt 	 1 	 0.8000000 	 0.0010000 	 3 	 10523536.0000000 	 0.9470321 	 1 	 10  	 1 
Instances/S3-15/S3-10-15-1-s.txt 	 1 	 0.8000000 	 0.0010000 	 3 	 10523536.0000000 	 0.9463895 	 1 	 10  	 1 
Instances/S3-15/S3-10-15-1-s.txt 	 1 	 0.8000000 	 0.0010000 	 3 	 10523536.0000000 	 0.9470321 	 1 	 10  	 1 
Instances/L-15/L-10-15-1-l.txt 	 1 	 0.8000000 	 0.0010000 	 1 	 53535316129.0000000 	 0.0316186 	 1 	 10  	 1 
Instances/L-15/L-10-15-1-l.txt 	 5 	 0.8000000 	 0.0010000 	 2 	 57665298496.0000000 	 0.9404499 	 1 	 10  	 1 
Instances/S3-15/S3-10-15-1-s.txt 	 5 	 0.8000000 	 0.0010000 	 10 	 20702500.0000000 	 0.9742166 	 1 	 10  	 1 
Instances/S3-15/S3-10-15-1-s.txt 	 5 	 0.8000000 	 0.0010000 	 10 	 20702500.0000000 	 0.9742166 	 1 	 10  	 1 
Instances/S3-15/S3-10-15-1-s.txt 	 5 	 0.8000000 	 0.0010000 	 10 	 20702500.0000000 	 0.9742166 	 1 	 10  	 1 
Instances/S3-15/S3-10-15-1-s.txt 	 5 	 0.8000000 	 0.0010000 	 10 	 20702500.0000000 	 0.9742166 	 1 	 10  	 1 
Instances/S3-15/S3-10-15-1-s.txt 	 5 	 0.8000000 	 0.0010000 	 10 	 20702500.0000000 	 0.9742166 	 1 	 10  	 1 
Instances/S3-15/S3-10-15-1-s.txt 	 5 	 0.8000000 	 0.0010000 	 10 	 18202.3370593 	 0.9773356 	 1 	 10  	 1 
Instances/L-15/L-10-15-1-l.txt 	 5 	 0.8000000 	 0.0010000 	 2 	 539476.0857527 	 0.9405669 	 1 	 10  	 1 
Instances/L-15/L-10-15-1-l.txt 	 5 	 0.8000000 	 0.0010000 	 2 	 539476.0857527 	 0.9405669 	 1 	 1  	 1 
Instances/L-15/L-10-15-1-l.txt 	 5 	 0.8000000 	 0.0010000 	 7 	 587438.2752630 	 0.9869429 	 1 	 1  	 1 
Instances/L-15/L-10-15-1-l.txt 	 100 	 0.8000000 	 0.0010000 	 8 	 587101.6718088 	 0.9847626 	 1 	 1  	 1 
Instances/S3-15/S3-10-15-1-s.txt 	 100 	 0.8000000 	 0.0010000 	 59 	 25520.7431617 	 0.9454178 	 1 	 1  	 1 
Instances/S3-15/S3-10-15-1-s.txt 	 100 	 0.8000000 	 0.0010000 	 33 	 25012.5454167 	 0.9569753 	 1 	 1  	 1 
Instances/S3-15/S3-10-15-1-s.txt 	 100 	 0.8000000 	 0.0010000 	 36 	 24880.6785006 	 0.9585109 	 1 	 1  	 1 
Instances/S3-15/S3-10-15-1-s.txt 	 100 	 0.8000000 	 0.0010000 	 46 	 24983.4826094 	 0.9567726 	 1 	 1  	 1 
Instances/S3-15/S3-10-15-1-s.txt 	 100 	 0.8000000 	 0.0010000 	 110 	 27936.5560680 	 0.9407455 	 1 	 1  	 1 
Instances/S3-15/S3-10-15-1-s.txt 	 100 	 0.8000000 	 0.0010000 	 102 	 27863.0272349 	 0.9382086 	 1 	 1  	 1 
Instances/S3-15/S3-10-15-1-s.txt 	 100 	 0.8000000 	 0.0010000 	 173 	 30706.3269639 	 0.9251733 	 1 	 1  	 1 
Instances/S3-15/S3-10-15-1-s.txt 	 100 	 0.8000000 	 0.0010000 	 186 	 30847.5313614 	 0.9197949 	 1 	 1  	 1 
Instances/S3-15/S3-10-15-1-s.txt 	 100 	 0.8000000 	 0.0010000 	 169 	 30847.5313614 	 0.9212262 	 1 	 1  	 1 
Instances/S3-15/S3-10-15-1-s.txt 	 100 	 0.8000000 	 0.0010000 	 183 	 30878.4882202 	 0.9162267 	 1 	 1  	 1 
Instances/S3-15/S3-10-15-1-s.txt 	 100 	 0.8000000 	 0.0010000 	 174 	 30847.5313614 	 0.9206791 	 1 	 1  	 1 
Instances/S3-15/S3-10-15-1-s.txt 	 100 	 0.8000000 	 0.0010000 	 119 	 28575.2180143 	 0.9298832 	 1 	 1  	 1 
Instances/S3-15/S3-10-15-1-s.txt 	 100 	 0.8000000 	 0.0010000 	 101 	 28825.0212266 	 0.9412690 	 1 	 1  	 1 
Instances/S3-15/S3-10-15-1-s.txt 	 100 	 0.8000000 	 0.0010000 	 176 	 30845.7557753 	 0.9216914 	 1 	 1  	 1 
Instances/S3-15/S3-10-15-1-s.txt 	 100 	 0.8000000 	 0.0010000 	 165 	 30871.7116836 	 0.9230052 	 1 	 1  	 1 
Instances/S3-15/S3-10-15-1-s.txt 	 100 	 0.8000000 	 0.0010000 	 181 	 30794.5916002 	 0.9204114 	 1 	 1  	 1 
Instances/S3-15/S3-10-15-1-s.txt 	 100 	 0.8000000 	 0.0010000 	 173 	 30794.5916002 	 0.9202070 	 1 	 1  	 1 
Instances/S3-15/S3-10-15-1-s.txt 	 100 	 0.8000000 	 0.0010000 	 166 	 30909.6347110 	 0.9243613 	 1 	 1  	 1 
Instances/S3-15/S3-10-15-1-s.txt 	 100 	 0.8000000 	 0.0010000 	 318 	 33846.7382140 	 0.8807484 	 1 	 1  	 1 
Instances/S3-15/S3-10-15-1-s.txt 	 100 	 0.8000000 	 0.1000000 	 240 	 34615.7952950 	 0.8611396 	 1 	 1  	 1 
Instances/L-15/L-10-15-1-l.txt 	 10 	 0.8000000 	 0.1000000 	 8 	 586860.5164534 	 0.9845756 	 1 	 1  	 1 
Instances/L-15/L-10-15-1-l.txt 	 100 	 0.8000000 	 0.1000000 	 8 	 587019.2782411 	 0.9844438 	 1 	 1  	 1 
Instances/S3-15/S3-10-15-1-s.txt 	 10 	 0.8000000 	 0.1000000 	 224 	 29705.1763172 	 0.9259896 	 1 	 1  	 1 
Instances/L-15/L-10-15-1-l.txt 	 10 	 0.8000000 	 0.1000000 	 8 	 586906.3021456 	 0.9848464 	 1 	 1  	 1 
Instances/L-15/L-10-15-1-l.txt 	 10 	 0.8000000 	 0.1000000 	 8 	 586960.5177375 	 0.9853720 	 1 	 1  	 1 
Instances/S3-15/S3-10-15-1-s.txt 	 10 	 0.8000000 	 0.1000000 	 8 	 19133.1471396 	 0.9619973 	 1 	 1  	 1 
Instances/S3-15/S3-10-15-1-s.txt 	 10 	 0.8000000 	 0.1000000 	 6 	 18805.2735521 	 0.9531583 	 1 	 1  	 1 
Instances/S3-15/S3-10-15-1-s.txt 	 10 	 0.8000000 	 0.1000000 	 57 	 22639.5255762 	 0.9452215 	 1 	 1  	 1 
Instances/S3-15/S3-10-15-1-s.txt 	 10 	 0.8000000 	 0.1000000 	 8 	 18618.1480418 	 0.9633607 	 1 	 1  	 1 
Instances/S3-15/S3-10-15-1-s.txt 	 10 	 0.8000000 	 0.1000000 	 10 	 18535.3645114 	 0.9410841 	 1 	 1  	 1 
Instances/S3-15/S3-10-15-1-s.txt 	 10 	 0.8000000 	 0.1000000 	 5 	 18719.4281224 	 0.9325377 	 1 	 1  	 1 
Instances/S3-15/S3-10-15-1-s.txt 	 10 	 0.8000000 	 0.1000000 	 5 	 18719.4281224 	 0.9325377 	 1 	 1  	 1 
Instances/S3-15/S3-10-15-1-s.txt 	 10 	 0.8000000 	 0.1000000 	 5 	 18135.1421189 	 0.9466372 	 1 	 1  	 1 
Instances/S3-15/S3-10-15-1-s.txt 	 10 	 0.8000000 	 0.1000000 	 5 	 18135.1421189 	 0.9466372 	 1 	 1  	 1 
Instances/S3-15/S3-10-15-1-s.txt 	 10 	 0.8000000 	 0.1000000 	 42 	 22650.8891037 	 0.9408918 	 1 	 1  	 1 
Instances/S3-15/S3-10-15-1-s.txt 	 10 	 0.8000000 	 0.1000000 	 65 	 22955.5940284 	 0.9353733 	 1 	 1  	 1 
Instances/S3-15/S3-10-15-1-s.txt 	 10 	 0.8000000 	 0.1000000 	 49 	 23079.3939971 	 0.9369887 	 1 	 1  	 1 
Instances/L-15/L-10-15-1-l.txt 	 10 	 0.8000000 	 0.1000000 	 8 	 586818.6190810 	 0.9845434 	 1 	 1  	 1 
Instances/L-15/L-10-15-1-l.txt 	 10 	 0.8000000 	 0.1000000 	 8 	 586951.5291963 	 0.9853962 	 1 	 1  	 1 
Instances/S3-15/S3-10-15-1-s.txt 	 10 	 0.8000000 	 0.1000000 	 310 	 31091.3295951 	 0.9336226 	 1 	 1  	 1 
Instances/S3-15/S3-10-15-1-s.txt 	 10 	 0.8000000 	 0.1000000 	 260 	 19873.1538446 	 0.9412461 	 1 	 1  	 1 
Instances/S3-15/S3-10-15-1-s.txt 	 10 	 0.8000000 	 0.1000000 	 57 	 17210.0991064 	 0.9751576 	 1 	 1  	 1 
Instances/S3-15/S3-10-15-1-s.txt 	 10 	 0.8000000 	 0.1000000 	 57 	 17209.0826444 	 0.9762372 	 1 	 1  	 1 
Instances/S3-15/S3-10-15-1-s.txt 	 10 	 0.8000000 	 0.1000000 	 3 	 16537.9704240 	 0.9769286 	 1 	 1  	 1 
Instances/S3-15/S3-10-15-1-s.txt 	 10 	 0.8000000 	 0.1000000 	 2 	 16528.1994250 	 0.9588292 	 1 	 1  	 1 
Instances/S3-15/S3-10-15-1-s.txt 	 10 	 0.8000000 	 0.1000000 	 2 	 16528.1994250 	 0.9588292 	 1 	 1  	 1 
Instances/S3-15/S3-10-15-1-s.txt 	 10 	 0.8000000 	 0.1000000 	 25 	 17038.2576407 	 0.9800158 	 1 	 1  	 1 
Instances/S3-15/S3-10-15-1-s.txt 	 10 	 0.8000000 	 0.1000000 	 101 	 18767.9710590 	 0.9538370 	 1 	 1  	 1 
Instances/L-15/L-10-15-1-l.txt 	 10 	 0.8000000 	 0.1000000 	 6 	 580713.2289981 	 0.8340106 	 1 	 1  	 1 
Instances/S3-15/S3-10-15-1-s.txt 	 10 	 0.8000000 	 0.1000000 	 152 	 20682.3007548 	 0.9281270 	 1 	 1  	 1 
Instances/L-15/L-10-15-1-l.txt 	 10 	 0.8000000 	 0.1000000 	 5 	 566300.8800035 	 0.9713827 	 1 	 1  	 10 
Instances/S3-15/S3-10-15-1-s.txt 	 10 	 0.8000000 	 0.1000000 	 5 	 36.4031499 	 0.9536487 	 1 	 1  	 10 
Instances/S3-15/S3-10-15-1-s.txt 	 10 	 0.8000000 	 0.1000000 	 30 	 19197.6430716 	 0.9742234 	 1 	 1  	 10 
Instances/L-15/L-10-15-1-l.txt 	 10 	 0.8000000 	 0.1000000 	 3 	 460668.8869334 	 0.9786119 	 1 	 1  	 10 
Instances/L-15/L-10-15-1-l.txt 	 10 	 0.8000000 	 0.1000000 	 5 	 481127.7871661 	 0.9713472 	 1 	 1  	 10 
Instances/S3-15/S3-10-15-1-s.txt 	 10 	 0.8000000 	 0.1000000 	 125 	 20720.9660674 	 0.9496161 	 1 	 1  	 10 
Instances/S3-15/S3-10-15-1-s.txt 	 10 	 0.8000000 	 0.1000000 	 55 	 24124.1927505 	 0.9641018 	 1 	 1  	 10 
Instances/S3-15/S3-10-15-1-s.txt 	 10 	 0.8000000 	 0.1000000 	 38 	 22651.3216714 	 0.9796438 	 1 	 1  	 10 
Instances/S3-15/S3-10-15-1-s.txt 	 10 	 0.8000000 	 0.1000000 	 245 	 21956.8008853 	 0.9112988 	 1 	 1  	 10 
Instances/S3-15/S3-10-15-1-s.txt 	 1000 	 1.0000000 	 0.1000000 	 108 	 25934.4866124 	 0.9493495 	 1 	 1  	 10 
Instances/S3-15/S3-10-15-1-s.txt 	 1000 	 1.0000000 	 0.1000000 	 102 	 25945.7162719 	 0.9541455 	 1 	 1  	 10 
Instances/S3-15/S3-10-15-1-s.txt 	 100 	 1.0000000 	 0.1000000 	 22 	 17132.5026867 	 0.9881991 	 16643.9694465 	 0.0004756 	 1 	 1  	 10 
Instances/S3-15/S3-10-15-1-s.txt 	 100 	 1.0000000 	 0.1000000 	 22 	 17132.1187013 	 0.9888132 	 16643.9694465 	 1.0000000 	 1 	 1  	 10 
Instances/S3-15/S3-10-15-1-s.txt 	 100 	 1.0000000 	 0.1000000 	 20 	 17132.3983972 	 0.9900439 	 16643.9694465 	 1.0000000 	 1 	 1  	 10 
Instances/S3-15/S3-10-15-1-s.txt 	 100 	 1.0000000 	 0.1000000 	 105 	 19179.2637969 	 0.9562247 	 16643.9694465 	 1.0000000 	 1 	 1  	 10 
Instances/S3-15/S3-10-15-1-s.txt 	 100 	 1.0000000 	 0.1000000 	 80 	 23946.7986025 	 0.9600007 	 16643.9694465 	 1.0000000 	 1 	 1  	 10 
Instances/S3-15/S3-10-15-1-s.txt 	 1000 	 1.0000000 	 0.1000000 	 70 	 24770.6166976 	 0.9646745 	 16952.5018277 	 0.9375262 	 1 	 1  	 10 
Instances/S3-15/S3-10-15-1-s.txt 	 1000 	 0.8000000 	 0.1000000 	 85 	 23718.7994771 	 0.9508220 	 16752.8042516 	 0.9846908 	 1 	 1  	 10 
Instances/S3-15/S3-10-15-1-s.txt 	 1000 	 0.8000000 	 0.1000000 	 25 	 18551.6128725 	 0.9712430 	 16752.8042516 	 0.9846908 	 4726.0000000 	 1 	 1  	 10 
Instances/S3-15/S3-10-15-1-s.txt 	 1000 	 0.8000000 	 0.1000000 	 25 	 18551.7548271 	 0.9712435 	 16752.8042516 	 0.9846908 	 4726.0000000 	 1 	 1  	 10 
Instances/S3-15/S3-10-15-1-s.txt 	 1000 	 0.8000000 	 0.1000000 	 22 	 18551.9613409 	 0.9712435 	 16752.8042516 	 0.9846908 	 4726.0000000 	 1 	 1  	 10 
25 	 18551.7548271 	 0.9712435 	 16752.8042516 	 0.9846908 	 0 	 4726.0000000 	Instances/S3-15/S3-10-15-1-s.txt 	 1000 	 0.8000000 	 0.1000000 	 1 	 1 	 10 
25 	 18551.5046804 	 0.9687088 	 16752.8042516 	 0.9846908 	 1 	 4726.0000000 	 0 	Instances/S3-15/S3-10-15-1-s.txt 	 1000 	 0.8000000 	 0.1000000 	 1 	 1 	 10 
20 	 18461.8163377 	 0.9737855 	 16752.8042516 	 0.9846908 	 1 	 4726.0000000 	 0 	Instances/S3-15/S3-10-15-1-s.txt 	 1000 	 0.8000000 	 0.1000000 	 1 	 1 	 10 
22 	 18551.3667670 	 0.9685150 	 16752.8042516 	 0.9846908 	 1 	 4726.0000000 	 0 	Instances/S3-15/S3-10-15-1-s.txt 	 1000 	 0.8000000 	 0.1000000 	 1 	 0 	 1 	 10 
24 	 18475.6592998 	 0.9689037 	 16752.8042516 	 0.9846908 	 1 	 4726.0000000 	 0 	Instances/S3-15/S3-10-15-1-s.txt 	 1000 	 0.8000000 	 0.1000000 	 1 	 0 	 1 	 10 
23 	 18479.5971918 	 0.9792435 	 16752.8042516 	 0.9846908 	 1 	 4708.0000000 	 0 	Instances/S3-15/S3-10-15-1-s.txt 	 1000 	 0.8000000 	 0.1000000 	 1 	 0 	 1 	 10 
26 	 18479.0708431 	 0.9824421 	 16752.8042516 	 0.9846908 	 1 	 4708.0000000 	 0 	Instances/S3-15/S3-10-15-1-s.txt 	 1000 	 0.8000000 	 0.1000000 	 1 	 0 	 1 	 10 
29 	 21257.1406111 	 0.9694400 	 16752.8042516 	 0.9846908 	 1 	 4718.0000000 	 0 	Instances/S3-15/S3-10-15-1-s.txt 	 1000 	 0.8000000 	 0.1000000 	 1 	 0 	 1 	 10 
31 	 21250.5483069 	 0.9751301 	 16752.8042516 	 0.9846939 	 1 	 4718.0000000 	 0 	Instances/S3-15/S3-10-15-1-s.txt 	 1000 	 0.8000000 	 0.1000000 	 1 	 0 	 1 	 10 
