-3789.0000000	-3.8320397	
-3724.0000000	-3.8985945	
-3734.0000000	-3.8973916	
-3727.0000000	-3.8980235	
-3721.0000000	-3.9015599	
-3718.0000000	-3.9035997	
-3712.0000000	-3.9038193	
-3747.0000000	-3.8919369	
-3744.0000000	-3.8939611	
-3738.0000000	-3.8941699	
-3786.0000000	-3.8524691	
-3788.0000000	-3.8500220	
-3784.0000000	-3.8531231	
-3779.0000000	-3.8548503	
-3554.0000000	-4.0205644	
-3556.0000000	-4.0170914	
-3555.0000000	-4.0200193	
-3557.0000000	-4.0165468	
-3552.0000000	-4.0223659	
-3506.0000000	-4.0497758	
-3500.0000000	-4.0501300	
-3514.0000000	-4.0458891	
-3511.0000000	-4.0482699	
-3508.0000000	-4.0489648	
-3515.0000000	-4.0445251	
-3539.0000000	-4.0326451	
-3544.0000000	-4.0311765	
-3545.0000000	-4.0306332	
-3542.0000000	-4.0319679	
-3543.0000000	-4.0314251	
-3546.0000000	-4.0303864	
-3550.0000000	-4.0281491	
-3548.0000000	-4.0299578	
-3551.0000000	-4.0267899	
-3549.0000000	-4.0285978	
-3533.0000000	-4.0392405	
-3530.0000000	-4.0399204	
-3528.0000000	-4.0407176	
-3537.0000000	-4.0355174	
-3536.0000000	-4.0368785	
-3522.0000000	-4.0410526	
-3520.0000000	-4.0418527	
