Instances/S3-15/S3-10-15-1-s.txt 	 1 	 0.8000000 	 0.0010000 	 3 	 10055241.0000000 	 0.8940782 	 1 	 10  	 1 
Instances/S3-15/S3-10-15-1-s.txt 	 1 	 0.8000000 	 0.0010000 	 3 	 10055241.0000000 	 0.8940782 	 1 	 10  	 1 
Instances/S3-15/S3-10-15-1-s.txt 	 1 	 0.8000000 	 0.0010000 	 3 	 10055241.0000000 	 0.8940782 	 1 	 10  	 1 
Instances/S3-15/S3-10-15-1-s.txt 	 1 	 0.8000000 	 0.0010000 	 3 	 10055241.0000000 	 0.8940782 	 1 	 10  	 1 
Instances/S3-15/S3-10-15-1-s.txt 	 1 	 0.8000000 	 0.0010000 	 3 	 10055241.0000000 	 0.8940782 	 1 	 10  	 1 
Instances/S3-15/S3-10-15-1-s.txt 	 1 	 0.8000000 	 0.0010000 	 3 	 10055241.0000000 	 0.8940782 	 1 	 10  	 1 
Instances/S3-15/S3-10-15-1-s.txt 	 1 	 0.8000000 	 0.0010000 	 3 	 10055241.0000000 	 0.8940782 	 1 	 10  	 1 
Instances/S3-15/S3-10-15-1-s.txt 	 1 	 0.8000000 	 0.0010000 	 3 	 10055241.0000000 	 0.8940782 	 1 	 10  	 1 
Instances/S3-15/S3-10-15-1-s.txt 	 1 	 0.8000000 	 0.0010000 	 3 	 10055241.0000000 	 0.8940782 	 1 	 10  	 1 
Instances/S3-15/S3-10-15-1-s.txt 	 1 	 0.8000000 	 0.0010000 	 3 	 10055241.0000000 	 0.8940782 	 1 	 10  	 1 
Instances/S3-15/S3-10-15-1-s.txt 	 1 	 0.8000000 	 0.0010000 	 3 	 10055241.0000000 	 0.8940782 	 1 	 10  	 1 
Instances/S3-15/S3-10-15-1-s.txt 	 1 	 0.8000000 	 0.0010000 	 3 	 10055241.0000000 	 0.8940782 	 1 	 10  	 1 
Instances/S3-15/S3-10-15-1-s.txt 	 1 	 0.8000000 	 0.0010000 	 3 	 10055241.0000000 	 0.8940782 	 1 	 10  	 1 
Instances/S3-15/S3-10-15-1-s.txt 	 1 	 0.8000000 	 0.0010000 	 3 	 10055241.0000000 	 0.8940782 	 1 	 10  	 1 
Instances/S3-15/S3-10-15-1-s.txt 	 1 	 0.8000000 	 0.0010000 	 3 	 10055241.0000000 	 0.8940782 	 1 	 10  	 1 
Instances/S3-15/S3-10-15-1-s.txt 	 1 	 0.8000000 	 0.0010000 	 3 	 10055241.0000000 	 0.8940782 	 1 	 10  	 1 
Instances/S3-15/S3-10-15-1-s.txt 	 1 	 0.8000000 	 0.0010000 	 3 	 10055241.0000000 	 0.8940782 	 1 	 10  	 1 
Instances/S3-15/S3-10-15-1-s.txt 	 1 	 0.8000000 	 0.0010000 	 3 	 10055241.0000000 	 0.8940782 	 1 	 10  	 1 
Instances/S3-15/S3-10-15-1-s.txt 	 1 	 0.8000000 	 0.0010000 	 3 	 10055241.0000000 	 0.8940782 	 1 	 10  	 1 
Instances/S3-15/S3-10-15-1-s.txt 	 1 	 0.8000000 	 0.0010000 	 3 	 10055241.0000000 	 0.8940782 	 1 	 10  	 1 
Instances/S3-15/S3-10-15-1-s.txt 	 1 	 0.8000000 	 0.0010000 	 3 	 10055241.0000000 	 0.8940782 	 1 	 10  	 1 
Instances/S3-15/S3-10-15-1-s.txt 	 1 	 0.8000000 	 0.0010000 	 3 	 10055241.0000000 	 0.8940782 	 1 	 10  	 1 
Instances/S3-15/S3-10-15-1-s.txt 	 1 	 0.8000000 	 0.0010000 	 3 	 10055241.0000000 	 0.8940782 	 1 	 10  	 1 
Instances/S3-15/S3-10-15-1-s.txt 	 1 	 0.8000000 	 0.0010000 	 3 	 10055241.0000000 	 0.8940782 	 1 	 10  	 1 
Instances/S3-15/S3-10-15-1-s.txt 	 1 	 0.8000000 	 0.0010000 	 3 	 10055241.0000000 	 0.8940782 	 1 	 10  	 1 
Instances/S3-15/S3-10-15-1-s.txt 	 1 	 0.8000000 	 0.0010000 	 3 	 10055241.0000000 	 0.8940782 	 1 	 10  	 1 
Instances/S3-15/S3-10-15-1-s.txt 	 1 	 0.8000000 	 0.0010000 	 3 	 10055241.0000000 	 0.8940782 	 1 	 10  	 1 
Instances/S3-15/S3-10-15-1-s.txt 	 1 	 0.8000000 	 0.0010000 	 3 	 10055241.0000000 	 0.8940782 	 1 	 10  	 1 
Instances/S3-15/S3-10-15-1-s.txt 	 1 	 0.8000000 	 0.0010000 	 3 	 10055241.0000000 	 0.8940782 	 1 	 10  	 1 
Instances/S3-15/S3-10-15-1-s.txt 	 1 	 0.8000000 	 0.0010000 	 3 	 10055241.0000000 	 0.8940782 	 1 	 10  	 1 
Instances/S3-15/S3-10-15-1-s.txt 	 1 	 0.8000000 	 0.0010000 	 3 	 10055241.0000000 	 0.8940782 	 1 	 10  	 1 
Instances/S3-15/S3-10-15-1-s.txt 	 1 	 0.8000000 	 0.0010000 	 3 	 10055241.0000000 	 0.8940782 	 1 	 10  	 1 
Instances/S3-15/S3-10-15-1-s.txt 	 1 	 0.8000000 	 0.0010000 	 3 	 10055241.0000000 	 0.8940782 	 1 	 10  	 1 
Instances/S3-15/S3-10-15-1-s.txt 	 1 	 0.8000000 	 0.0010000 	 3 	 10055241.0000000 	 0.8784737 	 1 	 10  	 1 
Instances/S3-15/S3-10-15-1-s.txt 	 1 	 0.8000000 	 0.0010000 	 3 	 10055241.0000000 	 0.8940782 	 1 	 10  	 1 
Instances/S3-15/S3-10-15-1-s.txt 	 1 	 0.8000000 	 0.0010000 	 3 	 10055241.0000000 	 0.8940782 	 1 	 10  	 1 
Instances/S3-15/S3-10-15-1-s.txt 	 1 	 0.8000000 	 0.0010000 	 3 	 10055241.0000000 	 0.8940782 	 1 	 10  	 1 
Instances/S3-15/S3-10-15-1-s.txt 	 1 	 0.8000000 	 0.0010000 	 3 	 10055241.0000000 	 0.8940782 	 1 	 10  	 1 
Instances/S3-15/S3-10-15-1-s.txt 	 1 	 0.8000000 	 0.0010000 	 3 	 10055241.0000000 	 0.8940782 	 1 	 10  	 1 
Instances/S3-15/S3-10-15-1-s.txt 	 100 	 0.8000000 	 0.0010000 	 5 	 18870.9837248 	 0.9660725 	 1 	 1  	 1 
Instances/S3-15/S3-10-15-1-s.txt 	 100 	 0.8000000 	 0.0010000 	 5 	 18870.9837248 	 0.9660725 	 1 	 1  	 1 
