-3621.0000000	-6.0943300	
-3624.0000000	-6.0941300	
-3638.0000000	-6.0939200	
-3641.0000000	-6.0937200	
-3650.0000000	-6.0934700	
-3653.0000000	-6.0932800	
-3662.0000000	-6.0930300	
-3665.0000000	-6.0928400	
-3668.0000000	-6.0926400	
-3673.0000000	-6.0923200	
-3676.0000000	-6.0921200	
-3679.0000000	-6.0919300	
-3702.0000000	-6.0908400	
-3705.0000000	-6.0906500	
-3713.0000000	-6.0893400	
-3715.0000000	-6.0855300	
-3720.0000000	-6.0851500	
-3726.0000000	-6.0830800	
-3807.0000000	-6.0370900	
-3810.0000000	-6.0352600	
-3812.0000000	-6.0334900	
-3815.0000000	-6.0316700	
-3817.0000000	-6.0299000	
-3819.0000000	-6.0281400	
-3822.0000000	-6.0263300	
-3824.0000000	-6.0229400	
-3826.0000000	-6.0211900	
-3828.0000000	-6.0178200	
-3831.0000000	-6.0149300	
-3833.0000000	-6.0115500	
-3834.0000000	-6.0098600	
-3836.0000000	-6.0097400	
-3839.0000000	-6.0079300	
-3841.0000000	-6.0061900	
-3850.0000000	-5.9959600	
-3852.0000000	-5.9942400	
-3854.0000000	-5.9909100	
-3863.0000000	-5.9847400	
-3869.0000000	-5.9827800	
-3874.0000000	-5.9810200	
-3876.0000000	-5.9797500	
-3881.0000000	-5.9775400	
-3883.0000000	-5.9762700	
-3884.0000000	-5.9757700	
-3886.0000000	-5.9745000	
-3888.0000000	-5.9727900	
-3890.0000000	-5.9723600	
-3893.0000000	-5.9705900	
-4125.0000000	-5.4882500	
-4129.0000000	-5.4871600	
-4130.0000000	-5.4868900	
-4133.0000000	-5.4859200	
-4134.0000000	-5.4858000	
-4137.0000000	-5.4848400	
-4138.0000000	-5.4836100	
-4139.0000000	-5.4834600	
-4143.0000000	-5.4823700	
-4145.0000000	-5.4820900	
-4149.0000000	-5.4810100	
-4150.0000000	-5.4807400	
-4154.0000000	-5.4796600	
-4156.0000000	-5.4784300	
-4157.0000000	-5.4772100	
-4161.0000000	-5.4770800	
-4162.0000000	-5.4758600	
-4163.0000000	-5.4757500	
-4164.0000000	-5.4745300	
-4166.0000000	-5.4733700	
-4168.0000000	-5.4721400	
-4173.0000000	-5.4708000	
-4175.0000000	-5.4694800	
-4180.0000000	-5.4656200	
-4248.0000000	-5.4173100	
-4251.0000000	-5.4160300	
-4253.0000000	-5.4147500	
-4257.0000000	-5.4092100	
-4261.0000000	-5.4054000	
-4267.0000000	-5.4041400	
-4276.0000000	-5.4006500	
-4281.0000000	-5.3916200	
-4317.0000000	-5.3387700	
-4319.0000000	-5.3377800	
-4320.0000000	-5.3353200	
-4322.0000000	-5.3316300	
-4323.0000000	-5.3291800	
-4324.0000000	-5.3122300	
-4325.0000000	-5.3100200	
-4326.0000000	-5.3075800	
-4328.0000000	-5.2710200	
-4330.0000000	-5.2686200	
-4331.0000000	-5.2673900	
-4333.0000000	-5.2662000	
-4335.0000000	-5.2650100	
-4336.0000000	-5.2601700	
-4338.0000000	-5.2589900	
-3727.0000000	-6.0790300	
-3731.0000000	-6.0787900	
-3733.0000000	-6.0784100	
-3736.0000000	-6.0782400	
-3740.0000000	-6.0771500	
-3744.0000000	-6.0769100	
-3745.0000000	-6.0734900	
-3748.0000000	-6.0716300	
-3749.0000000	-6.0682200	
-3750.0000000	-6.0676800	
-3754.0000000	-6.0674400	
-3756.0000000	-6.0658800	
-3759.0000000	-6.0657100	
-3760.0000000	-6.0639700	
-3762.0000000	-6.0638500	
-3765.0000000	-6.0636800	
-3766.0000000	-6.0619500	
-3768.0000000	-6.0618300	
-3770.0000000	-6.0617200	
-3771.0000000	-6.0583300	
-3772.0000000	-6.0566100	
-3774.0000000	-6.0564900	
-3776.0000000	-6.0547200	
-3779.0000000	-6.0545400	
-3781.0000000	-6.0542100	
-3783.0000000	-6.0526500	
-3786.0000000	-6.0524700	
-3789.0000000	-6.0523000	
-3792.0000000	-6.0504700	
-3795.0000000	-6.0502900	
-3798.0000000	-6.0484700	
-3801.0000000	-6.0466500	
-3802.0000000	-6.0433000	
-3805.0000000	-6.0414900	
-3840.0000000	-6.0067700	
-3843.0000000	-6.0049900	
-3845.0000000	-6.0032700	
-3848.0000000	-6.0015000	
-3849.0000000	-5.9966200	
-3857.0000000	-5.9891500	
-3859.0000000	-5.9874400	
-3862.0000000	-5.9856900	
-3865.0000000	-5.9837200	
-3868.0000000	-5.9835600	
-3871.0000000	-5.9817900	
-3875.0000000	-5.9801100	
-3878.0000000	-5.9783500	
-3891.0000000	-5.9712100	
-3894.0000000	-5.9698800	
-3896.0000000	-5.9694600	
-3897.0000000	-5.9693000	
-3899.0000000	-5.9681300	
-3900.0000000	-5.9679700	
-3902.0000000	-5.9675500	
-3903.0000000	-5.9664300	
-3905.0000000	-5.9662200	
-3907.0000000	-5.9661100	
-3909.0000000	-5.9648400	
-3910.0000000	-5.9644700	
-3912.0000000	-5.9643600	
-3914.0000000	-5.9630800	
-3915.0000000	-5.9626200	
-3918.0000000	-5.9624600	
-3920.0000000	-5.9608700	
-3923.0000000	-5.9607100	
-3925.0000000	-5.9590300	
-3928.0000000	-5.9573000	
-3930.0000000	-5.9556200	
-3932.0000000	-5.9539500	
-3935.0000000	-5.9522300	
-3939.0000000	-5.9473400	
-3941.0000000	-5.9441300	
-3942.0000000	-5.9434500	
-3943.0000000	-5.9424700	
-3944.0000000	-5.9402300	
-3945.0000000	-5.9392700	
-3946.0000000	-5.9385700	
-3948.0000000	-5.9353600	
-3950.0000000	-5.9321600	
-3951.0000000	-5.9274700	
-3952.0000000	-5.9245700	
-3954.0000000	-5.9213700	
-3956.0000000	-5.9197300	
-3958.0000000	-5.9165500	
-3960.0000000	-5.9133800	
-3961.0000000	-5.9087200	
-3963.0000000	-5.9016000	
-3965.0000000	-5.8999700	
-3968.0000000	-5.8982900	
-3970.0000000	-5.8951300	
-3972.0000000	-5.8935100	
-3974.0000000	-5.8903600	
-3976.0000000	-5.8861000	
-3979.0000000	-5.8844300	
-3981.0000000	-5.8812900	
-3982.0000000	-5.8766800	
-3983.0000000	-5.8720800	
-3984.0000000	-5.8679000	
-3986.0000000	-5.8677800	
-3988.0000000	-5.8661600	
-3989.0000000	-5.8646300	
-3991.0000000	-5.8645100	
-3992.0000000	-5.8629700	
-3994.0000000	-5.8613700	
-3996.0000000	-5.8597600	
-3998.0000000	-5.8581600	
-4001.0000000	-5.8565200	
-4003.0000000	-5.8534200	
-4004.0000000	-5.8488600	
-4005.0000000	-5.8443200	
-4007.0000000	-5.8429800	
-4009.0000000	-5.8398900	
-4010.0000000	-5.8353600	
-4011.0000000	-5.8325400	
-4012.0000000	-5.8280100	
-4013.0000000	-5.8234900	
-4014.0000000	-5.8189800	
-4016.0000000	-5.8146000	
-4018.0000000	-5.8115500	
-4019.0000000	-5.8085400	
-4020.0000000	-5.8055300	
-4021.0000000	-5.8010500	
-4022.0000000	-5.7965700	
-4024.0000000	-5.7831200	
-4025.0000000	-5.7801400	
-4026.0000000	-5.7787200	
-4028.0000000	-5.7771700	
-4029.0000000	-5.7756400	
-4031.0000000	-5.7726200	
-4033.0000000	-5.7710700	
-4034.0000000	-5.7681000	
-4035.0000000	-5.7651300	
-4037.0000000	-5.7607100	
-4038.0000000	-5.7591800	
-4040.0000000	-5.7561800	
-4042.0000000	-5.7546500	
-4043.0000000	-5.7517000	
-4044.0000000	-5.7487500	
-4045.0000000	-5.7469400	
-4046.0000000	-5.7454800	
-4047.0000000	-5.7439500	
-4049.0000000	-5.7424300	
-4051.0000000	-5.7394500	
-4052.0000000	-5.7365200	
-4053.0000000	-5.7335900	
-4054.0000000	-5.7306600	
-4055.0000000	-5.7263000	
-4056.0000000	-5.7219400	
-4057.0000000	-5.7175900	
-4058.0000000	-5.7102500	
-4059.0000000	-5.7059100	
-4060.0000000	-5.7015900	
-4061.0000000	-5.6968200	
-4062.0000000	-5.6925000	
-4063.0000000	-5.6894300	
-4064.0000000	-5.6865500	
-4065.0000000	-5.6836600	
-4066.0000000	-5.6793600	
-4067.0000000	-5.6750700	
-4068.0000000	-5.6707800	
-4069.0000000	-5.6665100	
-4176.0000000	-5.4668500	
-4179.0000000	-5.4658800	
-4181.0000000	-5.4646500	
-4183.0000000	-5.4643000	
-4186.0000000	-5.4633200	
-4190.0000000	-5.4622700	
-4192.0000000	-5.4610400	
-4197.0000000	-5.4597100	
-4199.0000000	-5.4584100	
-4205.0000000	-5.4529300	
-4207.0000000	-5.4516300	
-4208.0000000	-5.4408100	
-4212.0000000	-5.4396100	
-4213.0000000	-5.4395000	
-4214.0000000	-5.4383200	
-4215.0000000	-5.4369100	
-4220.0000000	-5.4366500	
-4223.0000000	-5.4356700	
-4226.0000000	-5.4343300	
-4229.0000000	-5.4330400	
-4230.0000000	-5.4321100	
-4232.0000000	-5.4318500	
-4233.0000000	-5.4305200	
-4234.0000000	-5.4295900	
-4237.0000000	-5.4292800	
-4239.0000000	-5.4283000	
-4243.0000000	-5.4257300	
-4247.0000000	-5.4206700	
-4260.0000000	-5.4077400	
-4265.0000000	-5.4051900	
-4267.0000000	-5.4042100	
-4269.0000000	-5.4026800	
-4271.0000000	-5.4017000	
-4272.0000000	-5.4013900	
-4279.0000000	-5.3963800	
-4280.0000000	-5.3938600	
-4282.0000000	-5.3911000	
-4285.0000000	-5.3901100	
-4286.0000000	-5.3886000	
-4288.0000000	-5.3876100	
-4290.0000000	-5.3863600	
-4291.0000000	-5.3838500	
-4292.0000000	-5.3826100	
-4294.0000000	-5.3813600	
-4296.0000000	-5.3801100	
-4297.0000000	-5.3751200	
-4299.0000000	-5.3738700	
-4300.0000000	-5.3646200	
-4301.0000000	-5.3643300	
-4303.0000000	-5.3633400	
-4305.0000000	-5.3620900	
-4307.0000000	-5.3608500	
-4309.0000000	-5.3593600	
-4311.0000000	-5.3583700	
-4313.0000000	-5.3571400	
-4314.0000000	-5.3546600	
-4315.0000000	-5.3417000	
-4227.0000000	-5.4331400	
